Urbain1		112.9459	83.3637	0.0000	0.7426	7.9100E-01	20.0000	1.0000E+00	190.000	0.0000
Zhum3		50.0000		10.0000	0.0000	5.0000	2.9100E-01	20.0000	1.0000E+00	30.0000	0.0000
Agr-All4	1.0947		0.6469	0.0000	44.8007	7.9300E-01	20.0000	1.0000E+00	30.0000	0.0000
Agr-Calc5	104.6723	43.6262	0.0000	31.6698	4.1100E-02	90.0000	1.0000E+00	10.0000	0.0000
Agr-Arg6	135.0000	25.0000	0.0000	5.0000	4.2000E-01	20.0000	1.0000E+00	30.0000	0.0000
Agr-Sab7	67.1718		17.6808	0.0000	27.2909	2.7600E-01	15.0000	1.0000E+00	30.0000	0.0000
Agr-Lim8	121.5473	106.085	0.0000	3.1403	1.4000E-02	90.0000	1.0000E+00	50.0000	0.0000
Zinfil9		42.2229		17.3939	0.0000	34.6102	9.5000E-03	110.000	1.0000E+00	10.0000	0.0000
For-All10	95.0000		20.0000	0.0000	8.0000	6.5000E-01	20.0000	1.0000E+00	30.0000	0.0000
For-Calc11	131.4247	66.5195	0.0000	3.8789	1.0600E-01	25.0000	1.0000E+00	10.0000	0.0000
For-Arg12	130.0000	25.0000	0.0000	5.0000	4.2000E-01	30.0000	1.0000E+00	30.0000	0.0000
For-Sab13	70.0000		35.0000	0.0000	10.0000	3.2700E-01	20.0000	1.0000E+00	30.0000	0.0000
For-Lim14	132.4049	97.4238	0.0000	3.0683	7.9100E-01	90.0000	1.0000E+00	50.0000	0.0000
Crista15	25.0000		10.0000	0.0000	0.1000	7.7700E-01	40.0000	1.0000E+00	50.0000	0.0000
SolUndef6	100.0000	10.0000	0.0000	10.0000	7.9100E-01	20.0000	1.0000E+00	30.0000	0.0000
Eaulib17	200.0000	10.0000	0.0000	5.0000	4.3000E-01	20.0000	1.0000E+00	30.0000	0.0000
Agr-All-J19	1.0947		0.6469	0.0000	19.9117	7.9000E-01	10.0000	1.0000E+00	30.0000	0.0000
Agr-Calc-J20	104.6723	43.6262	0.0000	1.5949	2.8200E-01	90.0000	1.0000E+00	10.0000	0.0000
Agr-Arg-J21	135.0000	25.0000	0.0000	0.8000	3.4100E-01	20.0000	1.0000E+00	30.0000	0.0000
Agr-Sab-J22	67.1718		17.6808	0.0000	0.7468	2.3500E-01	15.0000	1.0000E+00	30.0000	0.0000
Agr-Lim-J23	121.5473	106.085	0.0000	0.2271	1.5100E-01	90.0000	1.0000E+00	50.0000	0.0000
Crista1-J24	42.2229		17.3939	0.0000	0.1001	7.0100E-02	160.000	1.0000E+00	50.0000	0.0000
For-Allu-J25	95.0000		20.0000	0.0000	7.5000	5.4900E-01	20.0000	1.0000E+00	30.0000	0.0000
For-Calc-J26	131.4247	66.5195	0.0000	0.1472	2.3800E-01	25.0000	1.0000E+00	10.0000	0.0000
For-Arg-J27	130.0000	25.0000	0.0000	2.0000	5.0900E-01	30.0000	1.0000E+00	30.0000	0.0000
For-Sab-J28	70.0000		35.0000	0.0000	10.0000	7.8400E-01	20.0000	1.0000E+00	30.0000	0.0000
For-Lim-J29	132.4049	97.4238	0.0000	0.6769	1.5100E-01	90.0000	1.0000E+00	50.0000	0.0000
Crista2-J30	25.0000		10.0000	0.0000	0.1000	7.0100E-02	160.000	1.0000E+00	50.0000	0.0000
